Packet; ID; ECU ID; ECU; Priority; DLC; Flags; Data; Time; 
;100;;100;0;8;; 00 00 00 00 00 00 00 00;12053
;101;;100;1;8;; 00 00 00 00 00 00 00 00;12053
;102;;100;2;8;; 00 00 00 00 00 00 00 00;12053
;103;;100;3;8;; 00 00 00 00 00 00 00 00;12053
;104;;100;4;8;; 00 00 00 00 00 00 00 00;12053
;105;;100;5;8;; 00 00 00 00 00 00 00 00;12053
;106;;100;6;8;; 00 00 00 00 00 00 00 00;12053
;107;;100;7;8;; 00 00 00 00 00 00 00 00;12053
;108;;100;8;8;; 00 00 00 00 00 00 00 00;12053
;109;;100;9;8;; 00 00 00 00 00 00 00 00;12053

;200;;200;0;8;; 00 00 00 00 00 00 00 00;16892
;201;;200;1;8;; 00 00 00 00 00 00 00 00;16892
;202;;200;2;8;; 00 00 00 00 00 00 00 00;16904
;203;;200;3;8;; 00 00 00 00 00 00 00 00;16905
;204;;200;4;8;; 00 00 00 00 00 00 00 00;16905
;205;;200;5;8;; 00 00 00 00 00 00 00 00;16928
;206;;200;6;8;; 00 00 00 00 00 00 00 00;16937
;207;;200;7;8;; 00 00 00 00 00 00 00 00;16955
;208;;200;8;8;; 00 00 00 00 00 00 00 00;16955
;209;;200;9;8;; 00 00 00 00 00 00 00 00;16973

mytest300;300;;300;0;8;; 00 00 00 00 00 00 00 00;12797
;301;;300;1;8;; 00 00 00 00 00 00 00 00;12797
;302;;300;2;8;; 00 00 00 00 00 00 00 00;12804
;303;;300;3;8;; 00 00 00 00 00 00 00 00;12809
;304;;300;4;8;; 00 00 00 00 00 00 00 00;12809
;305;;300;5;8;; 00 00 00 00 00 00 00 00;12809
;306;;300;6;8;; 00 00 00 00 00 00 00 00;12809
;307;;300;7;8;; 00 00 00 00 00 00 00 00;12837
;308;;300;8;8;; 00 00 00 00 00 00 00 00;12838
;309;;300;9;8;; 00 00 00 00 00 00 00 00;12838

mytest300;300;;300;0;8;; 00 00 00 00 00 00 00 00;12797
;301;;300;1;8;; 00 00 00 00 00 00 00 00;12797
;302;;300;2;8;; 00 00 00 00 00 00 00 00;12804
;303;;300;3;8;; 00 00 00 00 00 00 00 00;12809
;304;;300;4;8;; 00 00 00 00 00 00 00 00;12809
;305;;300;5;8;; 00 00 00 00 00 00 00 00;12809
;306;;300;6;8;; 00 00 00 00 00 00 00 00;12809
;307;;300;7;8;; 00 00 00 00 00 00 00 00;12837
;308;;300;8;8;; 00 00 00 00 00 00 00 00;12838
;309;;300;9;8;; 00 00 00 00 00 00 00 00;12838

;400;;400;0;8;; 00 00 00 00 00 00 00 00;14653
;401;;400;1;8;; 00 00 00 00 00 00 00 00;14653
;402;;400;2;8;; 00 00 00 00 00 00 00 00;14653
;403;;400;3;8;; 00 00 00 00 00 00 00 00;14653
;404;;400;4;8;; 00 00 00 00 00 00 00 00;14653
;405;;400;5;8;; 00 00 00 00 00 00 00 00;14653
;406;;400;6;8;; 00 00 00 00 00 00 00 00;14653
;407;;400;7;8;; 00 00 00 00 00 00 00 00;14653
;408;;400;8;8;; 00 00 00 00 00 00 00 00;14653
;409;;400;9;8;; 00 00 00 00 00 00 00 00;14653

;400;;400;0;8;; 00 00 00 00 00 00 00 00;14653
;401;;400;1;8;; 00 00 00 00 00 00 00 00;14653
;402;;400;2;8;; 00 00 00 00 00 00 00 00;14653
;403;;400;3;8;; 00 00 00 00 00 00 00 00;14653
;404;;400;4;8;; 00 00 00 00 00 00 00 00;14653
;405;;400;5;8;; 00 00 00 00 00 00 00 00;14653
;406;;400;6;8;; 00 00 00 00 00 00 00 00;14653
;407;;400;7;8;; 00 00 00 00 00 00 00 00;14653
;408;;400;8;8;; 00 00 00 00 00 00 00 00;14653
;409;;400;9;8;; 00 00 00 00 00 00 00 00;14653

??;100;All Node Transmit;100;0;8;; 00 00 00 00 00 00 00 00;86506
??;101;??;100;1;8;; 00 00 00 00 00 00 00 00;86507
??;102;??;100;2;8;; 00 00 00 00 00 00 00 00;86507
??;103;??;100;3;8;; 00 00 00 00 00 00 00 00;86507
??;104;??;100;4;8;; 00 00 00 00 00 00 00 00;86507
??;105;??;100;5;8;; 00 00 00 00 00 00 00 00;86507
??;106;??;100;6;8;; 00 00 00 00 00 00 00 00;86507
??;107;??;100;7;8;; 00 00 00 00 00 00 00 00;86507
??;108;??;100;8;8;; 00 00 00 00 00 00 00 00;86507

??;100;All Node Transmit;100;0;8;; 00 00 00 00 00 00 00 00;86506
??;101;??;100;1;8;; 00 00 00 00 00 00 00 00;86507
??;102;??;100;2;8;; 00 00 00 00 00 00 00 00;86507
??;103;??;100;3;8;; 00 00 00 00 00 00 00 00;86507
??;104;??;100;4;8;; 00 00 00 00 00 00 00 00;86507
??;105;??;100;5;8;; 00 00 00 00 00 00 00 00;86507
??;106;??;100;6;8;; 00 00 00 00 00 00 00 00;86507
??;107;??;100;7;8;; 00 00 00 00 00 00 00 00;86507
??;108;??;100;8;8;; 00 00 00 00 00 00 00 00;86507

??;100;All Node Transmit;100;0;8;; 00 00 00 00 00 00 00 00;86506
??;101;??;100;1;8;; 00 00 00 00 00 00 00 00;86507
??;102;??;100;2;8;; 00 00 00 00 00 00 00 00;86507
??;103;??;100;3;8;; 00 00 00 00 00 00 00 00;86507
??;104;??;100;4;8;; 00 00 00 00 00 00 00 00;86507
??;105;??;100;5;8;; 00 00 00 00 00 00 00 00;86507
??;106;??;100;6;8;; 00 00 00 00 00 00 00 00;86507
??;107;??;100;7;8;; 00 00 00 00 00 00 00 00;86507
??;108;??;100;8;8;; 00 00 00 00 00 00 00 00;86507

;0C9;;C0;9;8;; 00 00 00 07 00 10 08 00;18174
;189;;180;9;8;; 0F FF 0F FF 30 01 00 FF;18174
;191;;190;1;8;; 06 4C 06 4C 06 4B 00 00;18174
;199;;190;9;8;; 0F FF 0F FF F0 01 00 FF;18174
;1ED;;1E0;D;8;; 01 F4 00 00 00 00 00 00;18175
;0C1;;C0;1;8;; 30 00 00 00 30 00 00 00;18178
;0C5;;C0;5;8;; 30 00 00 00 30 00 00 00;18178
;128;;120;8;2;; 0F E5;18178
;17F;;170;F;8;; 00 00 00 00 00 00 00 00;18179
;184;;180;4;6;; 00 03 00 00 01 FD;18179
;1C7;;1C0;7;7;; 06 A0 F9 5D 00 00 3F;18179
;1E5;;1E0;5;8;; 22 F9 E0 C0 00 06 1E 00;18179
;1EB;;1E0;B;2;; 01 A2;18179
;334;;330;4;2;; 00 00;18180
;19D;;190;D;8;; 80 00 3F FE 00 00 00 FF;18180
;1AF;;1A0;F;3;; 00 00 00;18181
;0F1;;F0;1;4;; 1C 01 00 40;18181
;1F5;;1F0;5;8;; 0F 0F 00 21 00 00 03 00;18181
;3ED;;3E0;D;8;; 80 00 00 00 00 FF 00 00;18184
;0C7;;C0;7;4;; 00 00 00 00;18186
;0F9;;F0;9;8;; 00 00 40 00 00 00 00 FF;18186
;189;;180;9;8;; 4F FF 0F FF 30 00 00 FF;18186
;0C9;;C0;9;8;; 00 00 00 0A 00 10 08 00;18186
;199;;190;9;8;; 4F FF 0F FF F0 00 00 FF;18187
;191;;190;1;8;; 06 4C 06 4C 06 4B 00 00;18187
;1A1;;1A0;1;7;; 00 10 00 00 7C 67 00;18187
;1ED;;1E0;D;8;; 01 F4 00 00 00 00 00 00;18187
;1C3;;1C0;3;8;; 06 4C 07 B0 00 00 00 20;18188
;0C1;;C0;1;8;; 00 00 00 00 00 00 00 00;18188
;0C5;;C0;5;8;; 00 00 00 00 00 00 00 00;18188
;1CD;;1C0;D;5;; C0 00 0F FD 00;18189
;1E5;;1E0;5;8;; 22 F9 E0 E0 00 06 1D 00;18189
;1E9;;1E0;9;8;; 80 06 00 0C 00 03 00 00;18189
;219;;210;9;3;; 00 7F 70;18189
;348;;340;8;4;; 00 16 00 16;18189
;230;;230;0;7;; 00 00 00 00 00 00 00;18190
;1EB;;1E0;B;2;; 01 A2;18191
;0F1;;F0;1;4;; 28 01 00 40;18191
;12A;;120;A;8;; 47 00 00 00 C4 5C 3F FF;18194
;134;;130;4;5;; 00 00 10 20 73;18196
;1F1;;1F0;1;8;; 95 0F 09 DA 08 00 00 7A;18196
;0C1;;C0;1;8;; 10 00 00 00 10 00 00 00;18198
;0C5;;C0;5;8;; 10 00 00 00 10 00 00 00;18198
;0C7;;C0;7;4;; 00 00 00 00;18199
;0C9;;C0;9;8;; 00 00 00 0D 00 10 08 00;18199
;0F9;;F0;9;8;; 00 00 40 00 00 00 00 FF;18199
;128;;120;8;2;; 0F E5;18199
;184;;180;4;6;; 00 00 00 00 00 00;18199
;189;;180;9;8;; 8F FF 0F FF 2F FF 00 FF;18200
;191;;190;1;8;; 06 4C 06 4C 06 4B 00 00;18200
;199;;190;9;8;; 8F FF 0F FF EF FF 00 FF;18200
;1C7;;1C0;7;7;; 06 A0 39 60 00 00 3F;18200
;1E5;;1E0;5;8;; 22 F9 E0 80 00 06 20 00;18201
;1ED;;1E0;D;8;; 01 F4 00 00 00 00 00 00;18201
;1F3;;1F0;3;2;; 00 40;18201
;2F9;;2F0;9;5;; 63 00 00 00 00;18201
;0F1;;F0;1;4;; 34 01 00 40;18204
;1EB;;1E0;B;2;; 01 A2;18204
;4D9;;4D0;9;3;; 00 00 00;18204
;19D;;190;D;8;; C0 00 3F FD 00 00 00 FF;18206
;1E1;;1E0;1;5;; 00 FF 15 00 20;18206
;1AF;;1A0;F;3;; 00 00 00;18206
;3C9;;3C0;9;8;; 07 66 00 00 00 00 00 00;18206
;1F5;;1F0;5;8;; 0F 0F 00 21 00 00 03 00;18206
;0C1;;C0;1;8;; 20 00 00 00 20 00 00 00;18208
;0C5;;C0;5;8;; 20 00 00 00 20 00 00 00;18208
;1CD;;1C0;D;5;; 00 00 00 00 00;18209
;1E5;;1E0;5;8;; 22 F9 E0 A0 00 06 1F 00;18209
;1E9;;1E0;9;8;; 80 06 00 0C 00 03 00 00;18209
;334;;330;4;2;; 00 00;18209
;34A;;340;A;4;; 00 16 00 16;18209
;0C7;;C0;7;4;; 00 00 00 00;18211
;0F9;;F0;9;8;; 00 00 40 00 00 00 00 FF;18211
;0F1;;F0;1;4;; 00 01 00 40;18211
;0C9;;C0;9;8;; 00 00 00 00 00 10 08 00;18211
;189;;180;9;8;; CF FF 0F FF 2F FE 00 FF;18212
;191;;190;1;8;; 06 4C 06 4C 06 4B 00 00;18212
;199;;190;9;8;; CF FF 0F FF EF FE 00 FF;18212
;1A1;;1A0;1;7;; 00 10 00 00 7C 67 00;18212
;1ED;;1E0;D;8;; 01 F4 00 00 00 00 00 00;18213
;1C3;;1C0;3;8;; 06 4C 07 B0 00 00 00 20;18213
;2C3;;2C0;3;7;; 06 4C 06 A0 06 A0 C9;18213
;3C1;;3C0;1;8;; 07 65 04 00 00 00 00 00;18213
;3D1;;3D0;1;8;; 41 4D 80 00 00 00 00 00;18213
;3E9;;3E0;9;8;; 00 00 00 00 00 00 00 00;18214
;1EB;;1E0;B;2;; 01 A2;18216
;0C1;;C0;1;8;; 30 00 00 00 30 00 00 00;18218
;0C5;;C0;5;8;; 30 00 00 00 30 00 00 00;18218
;128;;120;8;2;; 0F E6;18218
;184;;180;4;6;; 00 01 00 00 01 FF;18219
;1C7;;1C0;7;7;; 06 A0 79 5F 00 00 3F;18219
;1E5;;1E0;5;8;; 22 F9 E0 C0 00 06 1E 00;18219
;219;;210;9;3;; 00 00 00;18219
;0F1;;F0;1;4;; 1C 01 00 40;18221
;0C7;;C0;7;4;; 00 00 00 00;18223
;0F9;;F0;9;8;; 00 00 40 00 00 00 00 FF;18224
;0C9;;C0;9;8;; 00 00 00 07 00 10 08 00;18224
;189;;180;9;8;; 0F FF 0F FF 30 01 00 FF;18224
;191;;190;1;8;; 06 4C 06 4C 06 4B 00 00;18224
;199;;190;9;8;; 0F FF 0F FF F0 01 00 FF;18225
;1ED;;1E0;D;8;; 01 F4 00 00 00 00 00 00;18225
;0C1;;C0;1;8;; 00 00 00 00 00 00 00 00;18228
;0C5;;C0;5;8;; 00 00 00 00 00 00 00 00;18228
;1CD;;1C0;D;5;; 40 00 0F FF 00;18228
;1E5;;1E0;5;8;; 22 F9 E0 E0 00 06 1D 00;18229
;1E9;;1E0;9;8;; 80 06 00 0C 00 03 00 00;18229
;1EB;;1E0;B;2;; 01 A2;18229
;19D;;190;D;8;; 00 00 00 00 00 00 00 FF;18231
;1AF;;1A0;F;3;; 00 00 00;18231
;1F5;;1F0;5;8;; 0F 0F 00 21 00 00 03 00;18231
;0F1;;F0;1;4;; 28 01 00 40;18231
;1E1;;1E0;1;5;; 00 FE 16 00 40;18234
;1F3;;1F0;3;2;; 00 80;18236
;0C7;;C0;7;4;; 00 00 00 00;18236
;0F9;;F0;9;8;; 00 00 40 00 00 00 00 FF;18236
;0C9;;C0;9;8;; 00 00 00 0A 00 10 08 00;18236
;189;;180;9;8;; 4F FF 0F FF 30 00 00 FF;18236
;191;;190;1;8;; 06 4C 06 4C 06 4B 00 00;18237
;199;;190;9;8;; 4F FF 0F FF F0 00 00 FF;18237
;1A1;;1A0;1;7;; 00 10 00 00 7C 67 00;18237
;1ED;;1E0;D;8;; 01 F4 00 00 00 00 00 00;18237
;1C3;;1C0;3;8;; 06 4C 07 B0 00 00 00 20;18238
;0C1;;C0;1;8;; 10 00 00 00 10 00 00 00;18238
;0C5;;C0;5;8;; 10 00 00 00 10 00 00 00;18238
;128;;120;8;2;; 0F E5;18238
;184;;180;4;6;; 00 02 00 00 01 FE;18239
;1C7;;1C0;7;7;; 06 A0 B9 5E 00 00 3F;18239
;1E5;;1E0;5;8;; 22 F9 E0 80 00 06 20 00;18239
;334;;330;4;2;; 00 00;18239
;348;;340;8;4;; 00 16 00 16;18239
;230;;230;0;7;; 00 00 20 00 1F FF 00;18240
;0F1;;F0;1;4;; 34 01 00 40;18241
;1EB;;1E0;B;2;; 01 A2;18241
;0C1;;C0;1;8;; 20 00 00 00 20 00 00 00;18248
;0C5;;C0;5;8;; 20 00 00 00 20 00 00 00;18248
;0C7;;C0;7;4;; 00 00 00 00;18249
;0C9;;C0;9;8;; 00 00 00 0D 00 10 08 00;18249
;0F9;;F0;9;8;; 00 00 40 00 00 00 00 FF;18249
;191;;190;1;8;; 06 4C 06 4C 06 4B 00 00;18249
;189;;180;9;8;; 8F FF 0F FF 2F FF 00 FF;18249
;1CD;;1C0;D;5;; 80 00 0F FE 00;18250
;199;;190;9;8;; 8F FF 0F FF EF FF 00 FF;18250
;1E5;;1E0;5;8;; 22 F9 E0 A0 00 06 1F 00;18250
;1E9;;1E0;9;8;; 80 06 00 0C 00 03 00 00;18250
;1ED;;1E0;D;8;; 01 F4 00 00 00 00 00 00;18251
;219;;210;9;3;; 00 7F D0;18251
;0F1;;F0;1;4;; 00 01 00 40;18251
;2F9;;2F0;9;5;; 6B 00 00 00 00;18251
;1EB;;1E0;B;2;; 01 A2;18254
;19D;;190;D;8;; 40 00 3F FF 00 00 00 FF;18256
;1AF;;1A0;F;3;; 00 00 00;18256
;1F5;;1F0;5;8;; 0F 0F 00 21 00 00 03 00;18256
;0C1;;C0;1;8;; 30 00 00 00 30 00 00 00;18258
;0C5;;C0;5;8;; 30 00 00 00 30 00 00 00;18258
;128;;120;8;2;; 0F E5;18258
;184;;180;4;6;; 00 03 00 00 01 FD;18259
;1C7;;1C0;7;7;; 06 A0 F9 5D 00 00 3F;18259
;1E5;;1E0;5;8;; 22 F9 E0 C0 00 06 1E 00;18259
;34A;;340;A;4;; 00 16 00 16;18259
;0C7;;C0;7;4;; 00 00 00 00;18261
;0F1;;F0;1;4;; 1C 01 00 40;18261
;0F9;;F0;9;8;; 00 00 40 00 00 00 00 FF;18261
;0C9;;C0;9;8;; 00 00 00 00 00 10 08 00;18261
;189;;180;9;8;; CF FF 0F FF 2F FE 00 FF;18262
;191;;190;1;8;; 06 4C 06 4C 06 4B 00 00;18262
;199;;190;9;8;; CF FF 0F FF EF FE 00 FF;18262
;1A1;;1A0;1;7;; 00 10 00 00 7C 67 00;18262
;1ED;;1E0;D;8;; 01 F4 00 00 00 00 00 00;18263
;1C3;;1C0;3;8;; 06 4C 07 B0 00 00 00 20;18263
;2C3;;2C0;3;7;; 06 4C 06 A0 06 A0 C9;18263
;1E1;;1E0;1;5;; 00 FD 17 00 60;18264
;1F3;;1F0;3;2;; 00 C0;18266
;1EB;;1E0;B;2;; 01 A2;18266
;0C1;;C0;1;8;; 00 00 00 00 00 00 00 00;18268
;0C5;;C0;5;8;; 00 00 00 00 00 00 00 00;18268
;17D;;170;D;8;; 04 E0 00 00 96 00 01 01;18269
;1CD;;1C0;D;5;; C0 00 0F FD 00;18269
;1E5;;1E0;5;8;; 22 F9 E0 E0 00 06 1D 00;18269
;1E9;;1E0;9;8;; 80 06 00 0C 00 03 00 00;18269
;334;;330;4;2;; 00 00;18269
;0F1;;F0;1;4;; 28 01 00 40;18271
;0C7;;C0;7;4;; 00 00 00 00;18273
;0F9;;F0;9;8;; 00 00 40 00 00 00 00 FF;18274
;0C9;;C0;9;8;; 00 00 00 07 00 10 08 00;18274
;189;;180;9;8;; 0F FF 0F FF 30 01 00 FF;18274
;191;;190;1;8;; 06 4C 06 4C 06 4B 00 00;18274
;199;;190;9;8;; 0F FF 0F FF F0 01 00 FF;18274
;1ED;;1E0;D;8;; 01 F4 00 00 00 00 00 00;18275
;0C1;;C0;1;8;; 10 00 00 00 10 00 00 00;18278
;0C5;;C0;5;8;; 10 00 00 00 10 00 00 00;18278
;128;;120;8;2;; 0F E5;18278
;17F;;170;F;8;; 00 00 00 00 00 00 00 00;18279
;184;;180;4;6;; 00 00 00 00 00 00;18279
;1C7;;1C0;7;7;; 06 A0 39 60 00 00 3F;18279
;1E5;;1E0;5;8;; 22 F9 E0 80 00 06 20 00;18279
;1EB;;1E0;B;2;; 01 A2;18279
;219;;210;9;3;; 00 7F A0;18280
;19D;;190;D;8;; 80 00 3F FE 00 00 00 FF;18281
;1AF;;1A0;F;3;; 00 00 00;18281
;0F1;;F0;1;4;; 34 01 00 40;18281
;1F5;;1F0;5;8;; 0F 0F 00 21 00 00 03 00;18281
;3ED;;3E0;D;8;; 80 00 00 00 00 FF 00 00;18284
;0C7;;C0;7;4;; 00 00 00 00;18286
;0F9;;F0;9;8;; 00 00 40 00 00 00 00 FF;18286
;189;;180;9;8;; 4F FF 0F FF 30 00 00 FF;18286
;0C9;;C0;9;8;; 00 00 00 0A 00 10 08 00;18286
;199;;190;9;8;; 4F FF 0F FF F0 00 00 FF;18287
;191;;190;1;8;; 06 4C 06 4C 06 4B 00 00;18287
;1ED;;1E0;D;8;; 01 F4 00 00 00 00 00 00;18287
;1A1;;1A0;1;7;; 00 10 00 00 7C 67 00;18287
;1C3;;1C0;3;8;; 06 4C 07 B0 00 00 00 20;18288
;0C1;;C0;1;8;; 20 00 00 00 20 00 00 00;18288
;0C5;;C0;5;8;; 20 00 00 00 20 00 00 00;18288
;1CD;;1C0;D;5;; 00 00 00 00 00;18289
;1E5;;1E0;5;8;; 22 F9 E0 A0 00 06 1F 00;18289
;1E9;;1E0;9;8;; 80 06 00 0C 00 03 00 00;18289
;348;;340;8;4;; 00 16 00 16;18289
;230;;230;0;7;; 00 00 40 00 1F FE 00;18290
;1EB;;1E0;B;2;; 01 A2;18291
;0F1;;F0;1;4;; 00 01 00 40;18292
;12A;;120;A;8;; 47 00 00 00 C4 5C 3F FF;18294
;134;;130;4;5;; 00 00 10 20 73;18296
;0C1;;C0;1;8;; 30 00 00 00 30 00 00 00;18298
;0C5;;C0;5;8;; 30 00 00 00 30 00 00 00;18298
;0C7;;C0;7;4;; 00 00 00 00;18299
;0C9;;C0;9;8;; 00 00 00 0D 00 10 08 00;18299
;0F9;;F0;9;8;; 00 00 40 00 00 00 00 FF;18299
;128;;120;8;2;; 0F E5;18299
;184;;180;4;6;; 00 01 00 00 01 FF;18299
;189;;180;9;8;; 8F FF 0F FF 2F FF 00 FF;18300
;191;;190;1;8;; 06 4C 06 4C 06 4B 00 00;18300
;199;;190;9;8;; 8F FF 0F FF EF FF 00 FF;18300
;1C7;;1C0;7;7;; 06 A0 79 5F 00 00 3F;18300
;1E1;;1E0;1;5;; 00 00 14 00 00;18300
;1E5;;1E0;5;8;; 22 F9 E0 C0 00 06 1E 00;18301
;0F1;;F0;1;4;; 1C 01 00 40;18301
;1ED;;1E0;D;8;; 01 F4 00 00 00 00 00 00;18301
;2F9;;2F0;9;5;; 73 00 00 00 00;18301
;334;;330;4;2;; 00 00;18301
;1F1;;1F0;1;8;; 95 0F 09 DA 08 00 00 7A;18304
;1EB;;1E0;B;2;; 01 A2;18304
;19D;;190;D;8;; C0 00 3F FD 00 00 00 FF;18305
;1F3;;1F0;3;2;; 00 00;18306
;1AF;;1A0;F;3;; 00 00 00;18306
;3C9;;3C0;9;8;; 07 66 00 00 00 00 00 00;18306
;1F5;;1F0;5;8;; 0F 0F 00 21 00 00 03 00;18306
;0C1;;C0;1;8;; 00 00 00 00 00 00 00 00;18308
;0C5;;C0;5;8;; 00 00 00 00 00 00 00 00;18308
;1CD;;1C0;D;5;; 40 00 0F FF 00;18309
;1E5;;1E0;5;8;; 22 F9 E0 E0 00 06 1D 00;18309
;1E9;;1E0;9;8;; 80 06 00 0C 00 03 00 00;18309
;219;;210;9;3;; 00 7F 70;18309
;34A;;340;A;4;; 00 16 00 16;18309
;0C7;;C0;7;4;; 00 00 00 00;18311
;0F1;;F0;1;4;; 28 01 00 40;18311
;0F9;;F0;9;8;; 00 00 40 00 00 00 00 FF;18311
;0C9;;C0;9;8;; 00 00 00 00 00 10 08 00;18311
;189;;180;9;8;; CF FF 0F FF 2F FE 00 FF;18312
;191;;190;1;8;; 06 4C 06 4C 06 4B 00 00;18312
;199;;190;9;8;; CF FF 0F FF EF FE 00 FF;18312
;1A1;;1A0;1;7;; 00 10 00 00 7C 67 00;18312
;1ED;;1E0;D;8;; 01 F4 00 00 00 00 00 00;18313
;1C3;;1C0;3;8;; 06 4C 07 B0 00 00 00 20;18313
;2C3;;2C0;3;7;; 06 4C 06 A0 06 A0 C9;18313
;3C1;;3C0;1;8;; 07 65 04 00 00 00 00 00;18313
;3D1;;3D0;1;8;; 41 4D 80 00 00 00 00 00;18314
;3E9;;3E0;9;8;; 00 00 00 00 00 00 00 00;18314
;3F9;;3F0;9;8;; 00 00 00 00 69 00 84 1E;18314
;3FB;;3F0;B;2;; 00 16;18314
;4C1;;4C0;1;8;; 00 C6 39 3C 6E 10 00 00;18314
;4D1;;4D0;1;8;; 00 00 00 02 45 4C 00 DA;18315
;4F1;;4F0;1;8;; 41 C8 01 C8 00 7A 08 88;18315
;772;;770;2;7;; 00 00 00 00 00 00 00;18315
;1EB;;1E0;B;2;; 01 A2;18316
;0C1;;C0;1;8;; 10 00 00 00 10 00 00 00;18318
;0C5;;C0;5;8;; 10 00 00 00 10 00 00 00;18318
;128;;120;8;2;; 0F E5;18319
;184;;180;4;6;; 00 02 00 00 01 FE;18319
;1C7;;1C0;7;7;; 06 A0 B9 5E 00 00 3F;18319
;1E5;;1E0;5;8;; 22 F9 E0 80 00 06 20 00;18319
;0F1;;F0;1;4;; 34 01 00 40;18321
;0C7;;C0;7;4;; 00 00 00 00;18323
;0F9;;F0;9;8;; 00 00 40 00 00 00 00 FF;18324
;0C9;;C0;9;8;; 00 00 00 07 00 10 08 00;18324
;189;;180;9;8;; 0F FF 0F FF 30 01 00 FF;18324
;191;;190;1;8;; 06 4C 06 4C 06 4B 00 00;18324
;199;;190;9;8;; 0F FF 0F FF F0 01 00 FF;18325
;1E1;;1E0;1;5;; 00 FF 15 00 20;18325
;1ED;;1E0;D;8;; 01 F4 00 00 00 00 00 00;18325
;0C1;;C0;1;8;; 20 00 00 00 20 00 00 00;18328
;0C5;;C0;5;8;; 20 00 00 00 20 00 00 00;18328
;1CD;;1C0;D;5;; 80 00 0F FE 00;18328
;1E5;;1E0;5;8;; 22 F9 E0 A0 00 06 1F 00;18329
;1E9;;1E0;9;8;; 80 06 00 0C 00 03 00 00;18329
;1EB;;1E0;B;2;; 01 A2;18329
;334;;330;4;2;; 00 00;18329
;19D;;190;D;8;; 00 00 00 00 00 00 00 FF;18331
;1AF;;1A0;F;3;; 00 00 00;18331
;1F5;;1F0;5;8;; 0F 0F 00 21 00 00 03 00;18331
;0F1;;F0;1;4;; 00 01 00 40;18331
;1F3;;1F0;3;2;; 00 40;18334
;0C7;;C0;7;4;; 00 00 00 00;18336
;0F9;;F0;9;8;; 00 00 40 00 00 00 00 FF;18336
;189;;180;9;8;; 4F FF 0F FF 30 00 00 FF;18336
;0C9;;C0;9;8;; 00 00 00 0A 00 10 08 00;18337
;199;;190;9;8;; 4F FF 0F FF F0 00 00 FF;18337
;191;;190;1;8;; 06 4C 06 4C 06 4B 00 00;18337
;1A1;;1A0;1;7;; 00 10 00 00 7C 67 00;18337
;1ED;;1E0;D;8;; 01 F4 00 00 00 00 00 00;18337
;1C3;;1C0;3;8;; 06 4C 07 B0 00 00 00 20;18338
;0C1;;C0;1;8;; 30 00 00 00 30 00 00 00;18338
;0C5;;C0;5;8;; 30 00 00 00 30 00 00 00;18338
;128;;120;8;2;; 0F E5;18338
;184;;180;4;6;; 00 03 00 00 01 FD;18339
;1C7;;1C0;7;7;; 06 A0 F9 5D 00 00 3F;18339
;1E5;;1E0;5;8;; 22 F9 E0 C0 00 06 1E 00;18339
;219;;210;9;3;; 00 00 00;18339
;348;;340;8;4;; 00 16 00 16;18339
;230;;230;0;7;; 00 00 60 00 1F FD 00;18340
;0F1;;F0;1;4;; 1C 01 00 40;18341
;1EB;;1E0;B;2;; 01 A2;18341
;0C1;;C0;1;8;; 00 00 00 00 00 00 00 00;18348
;0C5;;C0;5;8;; 00 00 00 00 00 00 00 00;18348
;0C7;;C0;7;4;; 00 00 00 00;18349
;0C9;;C0;9;8;; 00 00 00 0D 00 10 08 00;18349
;0F9;;F0;9;8;; 00 00 40 00 00 00 00 FF;18349
;191;;190;1;8;; 06 4C 06 4C 06 4B 00 00;18349
;189;;180;9;8;; 8F FF 0F FF 2F FF 00 FF;18349
;1CD;;1C0;D;5;; C0 00 0F FD 00;18350
;199;;190;9;8;; 8F FF 0F FF EF FF 00 FF;18350
;1E5;;1E0;5;8;; 22 F9 E0 E0 00 06 1D 00;18350
;1E9;;1E0;9;8;; 80 06 00 0C 00 03 00 00;18350
;1ED;;1E0;D;8;; 01 F4 00 00 00 00 00 00;18351
;2F9;;2F0;9;5;; 7B 00 00 00 00;18351
;0F1;;F0;1;4;; 28 01 00 40;18351
;1E1;;1E0;1;5;; 00 FE 16 00 40;18354
;1EB;;1E0;B;2;; 01 A2;18354
;19D;;190;D;8;; 40 00 3F FF 00 00 00 FF;18356
;1AF;;1A0;F;3;; 00 00 00;18356
;1F5;;1F0;5;8;; 0F 0F 00 21 00 00 03 00;18356
;0C1;;C0;1;8;; 10 00 00 00 10 00 00 00;18358
;0C5;;C0;5;8;; 10 00 00 00 10 00 00 00;18358
;128;;120;8;2;; 0F E5;18358
;184;;180;4;6;; 00 00 00 00 00 00;18359
;1C7;;1C0;7;7;; 06 A0 39 60 00 00 3F;18359
;1E5;;1E0;5;8;; 22 F9 E0 80 00 06 20 00;18359
;334;;330;4;2;; 00 00;18359
;34A;;340;A;4;; 00 16 00 16;18359
;0C7;;C0;7;4;; 00 00 00 00;18361
;0F1;;F0;1;4;; 34 01 00 40;18361
;0F9;;F0;9;8;; 00 00 40 00 00 00 00 FF;18361
;0C9;;C0;9;8;; 00 00 00 00 00 10 08 00;18361
;189;;180;9;8;; CF FF 0F FF 2F FE 00 FF;18362
;191;;190;1;8;; 06 4C 06 4C 06 4B 00 00;18362
;199;;190;9;8;; CF FF 0F FF EF FE 00 FF;18362
;1A1;;1A0;1;7;; 00 10 00 00 7C 67 00;18362
;1ED;;1E0;D;8;; 01 F4 00 00 00 00 00 00;18363
;1C3;;1C0;3;8;; 06 4C 07 B0 00 00 00 20;18363
;2C3;;2C0;3;7;; 06 4C 06 A0 06 A0 C9;18363
;1F3;;1F0;3;2;; 00 80;18363
;1EB;;1E0;B;2;; 01 A2;18366
;0C1;;C0;1;8;; 20 00 00 00 20 00 00 00;18368
;0C5;;C0;5;8;; 20 00 00 00 20 00 00 00;18368
;17D;;170;D;8;; 04 E0 00 00 96 00 01 01;18369
;1CD;;1C0;D;5;; 00 00 00 00 00;18369
;1E5;;1E0;5;8;; 22 F9 E0 A0 00 06 1F 00;18369
;1E9;;1E0;9;8;; 80 06 00 0C 00 03 00 00;18369
;219;;210;9;3;; 00 7F D0;18369
;0F1;;F0;1;4;; 00 01 00 40;18371
;0C7;;C0;7;4;; 00 00 00 00;18373
;0F9;;F0;9;8;; 00 00 40 00 00 00 00 FF;18373
;189;;180;9;8;; 0F FF 0F FF 30 01 00 FF;18374
;0C9;;C0;9;8;; 00 00 00 07 00 10 08 00;18374
;199;;190;9;8;; 0F FF 0F FF F0 01 00 FF;18374
;191;;190;1;8;; 06 4C 06 4C 06 4B 00 00;18374
;1ED;;1E0;D;8;; 01 F4 00 00 00 00 00 00;18375
;0C1;;C0;1;8;; 30 00 00 00 30 00 00 00;18378
;0C5;;C0;5;8;; 30 00 00 00 30 00 00 00;18378
;128;;120;8;2;; 0F E5;18378
;17F;;170;F;8;; 00 00 00 00 00 00 00 00;18379
;184;;180;4;6;; 00 01 00 00 01 FF;18379
;1C7;;1C0;7;7;; 06 A0 79 5F 00 00 3F;18379
;1E5;;1E0;5;8;; 22 F9 E0 C0 00 06 1E 00;18379
;1EB;;1E0;B;2;; 01 A2;18379
;19D;;190;D;8;; 80 00 3F FE 00 00 00 FF;18380
;1AF;;1A0;F;3;; 00 00 00;18381
;0F1;;F0;1;4;; 1C 01 00 40;18381
;1F5;;1F0;5;8;; 0F 0F 00 21 00 00 03 00;18381
;1E1;;1E0;1;5;; 00 FD 17 00 60;18383
;3ED;;3E0;D;8;; 80 00 00 00 00 FF 00 00;18384
;0C7;;C0;7;4;; 00 00 00 00;18386
;0F9;;F0;9;8;; 00 00 40 00 00 00 00 FF;18386
;189;;180;9;8;; 4F FF 0F FF 30 00 00 FF;18386
;199;;190;9;8;; 4F FF 0F FF F0 00 00 FF;18386
;0C9;;C0;9;8;; 00 00 00 0A 00 10 08 00;18387
;191;;190;1;8;; 06 4C 06 4C 06 4B 00 00;18387
;1ED;;1E0;D;8;; 01 F4 00 00 00 00 00 00;18387
;1A1;;1A0;1;7;; 00 10 00 00 7C 67 00;18387
;1C3;;1C0;3;8;; 06 4C 07 B0 00 00 00 20;18388
;0C1;;C0;1;8;; 00 00 00 00 00 00 00 00;18388
;0C5;;C0;5;8;; 00 00 00 00 00 00 00 00;18388
;1CD;;1C0;D;5;; 40 00 0F FF 00;18389
;1E5;;1E0;5;8;; 22 F9 E0 E0 00 06 1D 00;18389
;1E9;;1E0;9;8;; 80 06 00 0C 00 03 00 00;18389
;334;;330;4;2;; 00 00;18389
;348;;340;8;4;; 00 16 00 16;18389
;230;;230;0;7;; 00 00 00 00 00 00 00;18390
;0F1;;F0;1;4;; 28 01 00 40;18391
;1EB;;1E0;B;2;; 01 A2;18391
;12A;;120;A;8;; 47 00 00 00 C4 5C 3F FF;18394
;134;;130;4;5;; 00 00 10 20 73;18396
;1F1;;1F0;1;8;; 95 0F 09 DA 08 00 00 7A;18396
;0C1;;C0;1;8;; 10 00 00 00 10 00 00 00;18398
;0C5;;C0;5;8;; 10 00 00 00 10 00 00 00;18398
;0C7;;C0;7;4;; 00 00 00 00;18399
;0C9;;C0;9;8;; 00 00 00 0D 00 10 08 00;18399
;0F9;;F0;9;8;; 00 00 40 00 00 00 00 FF;18399
;128;;120;8;2;; 0F E5;18399
;184;;180;4;6;; 00 02 00 00 01 FE;18399
;189;;180;9;8;; 8F FF 0F FF 2F FF 00 FF;18400
;191;;190;1;8;; 06 4C 06 4C 06 4B 00 00;18400
;199;;190;9;8;; 8F FF 0F FF EF FF 00 FF;18400
;1C7;;1C0;7;7;; 06 A0 B9 5E 00 00 3F;18400
;1E5;;1E0;5;8;; 22 F9 E0 80 00 06 20 00;18401
;1ED;;1E0;D;8;; 01 F4 00 00 00 00 00 00;18401
;1F3;;1F0;3;2;; 00 C0;18401
;219;;210;9;3;; 00 7F A0;18401
;2F9;;2F0;9;5;; 80 00 00 00 00;18401
;0F1;;F0;1;4;; 34 01 00 40;18404
;1EB;;1E0;B;2;; 01 A2;18404
;3C9;;3C0;9;8;; 07 66 00 00 00 00 00 00;18405
;19D;;190;D;8;; C0 00 3F FD 00 00 00 FF;18406
;3F1;;3F0;1;8;; 00 FF 69 18 FF FD 00 72;18406
;1AF;;1A0;F;3;; 00 00 00;18406
;1F5;;1F0;5;8;; 0F 0F 00 21 00 00 03 00;18406
;0C1;;C0;1;8;; 20 00 00 00 20 00 00 00;18408
;0C5;;C0;5;8;; 20 00 00 00 20 00 00 00;18408
;1CD;;1C0;D;5;; 80 00 0F FE 00;18409
;1E5;;1E0;5;8;; 22 F9 E0 A0 00 06 1F 00;18409
;1E9;;1E0;9;8;; 80 06 00 0C 00 04 00 00;18409
;34A;;340;A;4;; 00 16 00 16;18409
;0C7;;C0;7;4;; 00 00 00 00;18411
;0F1;;F0;1;4;; 00 01 00 40;18411
;0F9;;F0;9;8;; 00 00 40 00 00 00 00 FF;18411
;189;;180;9;8;; CF FF 0F FF 2F FE 00 FF;18411
;0C9;;C0;9;8;; 00 00 00 00 00 10 08 00;18412
;199;;190;9;8;; CF FF 0F FF EF FE 00 FF;18412
;191;;190;1;8;; 06 4C 06 4C 06 4B 00 00;18412
;1A1;;1A0;1;7;; 00 10 00 00 7C 67 00;18412
;1ED;;1E0;D;8;; 01 F4 00 00 00 00 00 00;18413
;1C3;;1C0;3;8;; 06 4C 07 B0 00 00 00 20;18413
;2C3;;2C0;3;7;; 06 4C 06 A0 06 A0 C9;18413
;3C1;;3C0;1;8;; 07 65 04 00 00 00 00 00;18413
;3D1;;3D0;1;8;; 41 4D 80 00 00 00 00 00;18414
;1E1;;1E0;1;5;; 00 00 14 00 00;18414
;3E9;;3E0;9;8;; 00 00 00 00 00 00 00 00;18414
;1EB;;1E0;B;2;; 01 A2;18416
;0C1;;C0;1;8;; 30 00 00 00 30 00 00 00;18418
;0C5;;C0;5;8;; 30 00 00 00 30 00 00 00;18418
;128;;120;8;2;; 0F E5;18418
;184;;180;4;6;; 00 03 00 00 01 FD;18419
;1C7;;1C0;7;7;; 06 A0 F9 5D 00 00 3F;18419
;1E5;;1E0;5;8;; 22 F9 E0 C0 00 06 1E 00;18419
;334;;330;4;2;; 00 00;18419
;0F1;;F0;1;4;; 1C 01 00 40;18421
;0C7;;C0;7;4;; 00 00 00 00;18423
;0F9;;F0;9;8;; 00 00 40 00 00 00 00 FF;18424
;189;;180;9;8;; 0F FF 0F FF 30 01 00 FF;18424
;0C9;;C0;9;8;; 00 00 00 07 00 10 08 00;18424
;199;;190;9;8;; 0F FF 0F FF F0 01 00 FF;18424
;191;;190;1;8;; 06 4C 06 4C 06 4B 00 00;18425
;1ED;;1E0;D;8;; 01 F4 00 00 00 00 00 00;18425
;0C1;;C0;1;8;; 00 00 00 00 00 00 00 00;18428
;0C5;;C0;5;8;; 00 00 00 00 00 00 00 00;18428
;1CD;;1C0;D;5;; C0 00 0F FD 00;18428
;1E5;;1E0;5;8;; 22 F9 E0 E0 00 06 1D 00;18429
;1E9;;1E0;9;8;; 80 06 00 0C 00 04 00 00;18429
;1EB;;1E0;B;2;; 01 A2;18429
;219;;210;9;3;; 00 7F 70;18429
;19D;;190;D;8;; 00 00 00 00 00 00 00 FF;18431
;1AF;;1A0;F;3;; 00 00 00;18431
;0F1;;F0;1;4;; 28 01 00 40;18431
;1F5;;1F0;5;8;; 0F 0F 00 21 00 00 03 00;18431
;1F3;;1F0;3;2;; 00 00;18433
;0C7;;C0;7;4;; 00 00 00 00;18436
;0F9;;F0;9;8;; 00 00 40 00 00 00 00 FF;18436
;189;;180;9;8;; 4F FF 0F FF 30 00 00 FF;18436
;0C9;;C0;9;8;; 00 00 00 0A 00 10 08 00;18437
;199;;190;9;8;; 4F FF 0F FF F0 00 00 FF;18437
;191;;190;1;8;; 06 4C 06 4C 06 4B 00 00;18437
;1A1;;1A0;1;7;; 00 10 00 00 7C 67 00;18437
;1ED;;1E0;D;8;; 01 F4 00 00 00 00 00 00;18437
;1C3;;1C0;3;8;; 06 4C 07 B0 00 00 00 20;18438
;0C1;;C0;1;8;; 10 00 00 00 10 00 00 00;18438
;0C5;;C0;5;8;; 10 00 00 00 10 00 00 00;18438
;128;;120;8;2;; 0F E4;18438
;184;;180;4;6;; 00 00 00 00 00 00;18439
;1C7;;1C0;7;7;; 06 A0 39 60 00 00 3F;18439
;1E5;;1E0;5;8;; 22 F9 E0 80 00 06 20 00;18439
;348;;340;8;4;; 00 16 00 16;18439
;230;;230;0;7;; 00 00 20 00 1F FF 00;18440
;0F1;;F0;1;4;; 34 01 00 40;18441
;1EB;;1E0;B;2;; 01 A2;18441
;1E1;;1E0;1;5;; 00 FF 15 00 20;18444
;0C1;;C0;1;8;; 20 00 00 00 20 00 00 00;18448
;0C5;;C0;5;8;; 20 00 00 00 20 00 00 00;18448
;0C7;;C0;7;4;; 00 00 00 00;18448
;1CD;;1C0;D;5;; 00 00 00 00 00;18449
;0C9;;C0;9;8;; 00 00 00 0D 00 10 08 00;18449
;0F9;;F0;9;8;; 00 00 40 00 00 00 00 FF;18449
;191;;190;1;8;; 06 4C 06 4C 06 4B 00 00;18449
;189;;180;9;8;; 8F FF 0F FF 2F FF 00 FF;18450
;1E5;;1E0;5;8;; 22 F9 E0 A0 00 06 1F 00;18450
;199;;190;9;8;; 8F FF 0F FF EF FF 00 FF;18450
;1E9;;1E0;9;8;; 80 06 00 0C 00 03 00 00;18450
;1ED;;1E0;D;8;; 01 F4 00 00 00 00 00 00;18451
;0F1;;F0;1;4;; 00 01 00 40;18451
;2F9;;2F0;9;5;; 8B 00 00 00 00;18451
;334;;330;4;2;; 00 00;18451
;1EB;;1E0;B;2;; 01 A2;18454
;19D;;190;D;8;; 40 00 3F FF 00 00 00 FF;18456
;1AF;;1A0;F;3;; 00 00 00;18456
;1F5;;1F0;5;8;; 0F 0F 00 21 00 00 03 00;18456
;0C1;;C0;1;8;; 30 00 00 00 30 00 00 00;18458
;0C5;;C0;5;8;; 30 00 00 00 30 00 00 00;18458
;128;;120;8;2;; 0F E5;18458
;184;;180;4;6;; 00 01 00 00 01 FF;18459
;1C7;;1C0;7;7;; 06 A0 79 5F 00 00 3F;18459
;1E5;;1E0;5;8;; 22 F9 E0 C0 00 06 1E 00;18459
;219;;210;9;3;; 00 00 00;18459
;34A;;340;A;4;; 00 16 00 16;18459
;0C7;;C0;7;4;; 00 00 00 00;18461
;0F1;;F0;1;4;; 1C 01 00 40;18461
;0F9;;F0;9;8;; 00 00 40 00 00 00 00 FF;18461
;189;;180;9;8;; CF FF 0F FF 2F FE 00 FF;18461
;0C9;;C0;9;8;; 00 00 00 00 00 10 08 00;18462
;199;;190;9;8;; CF FF 0F FF EF FE 00 FF;18462
;191;;190;1;8;; 06 4C 06 4C 06 4B 00 00;18462
;1A1;;1A0;1;7;; 00 10 00 00 7C 67 00;18462
;1ED;;1E0;D;8;; 01 F4 00 00 00 00 00 00;18463
;1C3;;1C0;3;8;; 06 4C 07 B0 00 00 00 20;18463
;2C3;;2C0;3;7;; 06 4C 06 A0 06 A0 C9;18463
;1F3;;1F0;3;2;; 00 40;18463
;1EB;;1E0;B;2;; 01 A2;18466
;0C1;;C0;1;8;; 00 00 00 00 00 00 00 00;18468
;0C5;;C0;5;8;; 00 00 00 00 00 00 00 00;18468
;17D;;170;D;8;; 04 E0 00 00 96 00 01 01;18469
;1CD;;1C0;D;5;; 40 00 0F FF 00;18469
;1E5;;1E0;5;8;; 22 F9 E0 E0 00 06 1D 00;18469
;1E9;;1E0;9;8;; 80 06 00 0C 00 03 00 00;18469
;0F1;;F0;1;4;; 28 01 00 40;18471
;0C7;;C0;7;4;; 00 00 00 00;18473
;1E1;;1E0;1;5;; 00 FE 16 00 40;18473
;0F9;;F0;9;8;; 00 00 40 00 00 00 00 FF;18474
;0C9;;C0;9;8;; 00 00 00 07 00 10 08 00;18474
;189;;180;9;8;; 0F FF 0F FF 30 01 00 FF;18474
;191;;190;1;8;; 06 4C 06 4C 06 4B 00 00;18474
;199;;190;9;8;; 0F FF 0F FF F0 01 00 FF;18475
;1ED;;1E0;D;8;; 01 F4 00 00 00 00 00 00;18475
;0C1;;C0;1;8;; 10 00 00 00 10 00 00 00;18478
;0C5;;C0;5;8;; 10 00 00 00 10 00 00 00;18478
;128;;120;8;2;; 0F E5;18478
;17F;;170;F;8;; 00 00 00 00 00 00 00 00;18479
;184;;180;4;6;; 00 02 00 00 01 FE;18479
;1C7;;1C0;7;7;; 06 A0 B9 5E 00 00 3F;18479
;1E5;;1E0;5;8;; 22 F9 E0 80 00 06 20 00;18479
;1EB;;1E0;B;2;; 01 A2;18479
;334;;330;4;2;; 00 00;18480
;19D;;190;D;8;; 80 00 3F FE 00 00 00 FF;18480
;1AF;;1A0;F;3;; 00 00 00;18481
;0F1;;F0;1;4;; 34 01 00 40;18481
;1F5;;1F0;5;8;; 0F 0F 00 21 00 00 03 00;18481
;3ED;;3E0;D;8;; 80 00 00 00 00 FF 00 00;18484
;0C7;;C0;7;4;; 00 00 00 00;18486
;0F9;;F0;9;8;; 00 00 40 00 00 00 00 FF;18486
;189;;180;9;8;; 4F FF 0F FF 30 00 00 FF;18486
;199;;190;9;8;; 4F FF 0F FF F0 00 00 FF;18486
;0C9;;C0;9;8;; 00 00 00 0A 00 10 08 00;18487
;191;;190;1;8;; 06 4C 06 4C 06 4B 00 00;18487
;1ED;;1E0;D;8;; 01 F4 00 00 00 00 00 00;18487
;1A1;;1A0;1;7;; 00 10 00 00 7C 67 00;18487
;1C3;;1C0;3;8;; 06 4C 07 B0 00 00 00 20;18488
;0C1;;C0;1;8;; 20 00 00 00 20 00 00 00;18488
;0C5;;C0;5;8;; 20 00 00 00 20 00 00 00;18488
;1CD;;1C0;D;5;; 80 00 0F FE 00;18489
;1E5;;1E0;5;8;; 22 F9 E0 A0 00 06 1F 00;18489
;1E9;;1E0;9;8;; 80 06 00 0C 00 03 00 00;18489
;219;;210;9;3;; 00 7F D0;18489
;348;;340;8;4;; 00 16 00 16;18489
;500;;500;0;4;; 00 00 00 00;18489
;230;;230;0;7;; 00 00 40 00 1F FE 00;18490
;0F1;;F0;1;4;; 00 01 00 40;18491
;1EB;;1E0;B;2;; 01 A2;18491
;12A;;120;A;8;; 47 00 00 00 C4 5C 3F FF;18494
;134;;130;4;5;; 00 00 10 20 73;18496
;1F1;;1F0;1;8;; 95 0F 09 DA 08 00 00 7A;18496
;0C1;;C0;1;8;; 30 00 00 00 30 00 00 00;18498
;0C5;;C0;5;8;; 30 00 00 00 30 00 00 00;18498
;0C7;;C0;7;4;; 00 00 00 00;18499
;128;;120;8;2;; 0F E5;18499
;0C9;;C0;9;8;; 00 00 00 0D 00 10 08 00;18499
;0F9;;F0;9;8;; 00 00 40 00 00 00 00 FF;18499
;184;;180;4;6;; 00 03 00 00 01 FD;18499
;189;;180;9;8;; 8F FF 0F FF 2F FF 00 FF;18500
;191;;190;1;8;; 06 4C 06 4C 06 4B 00 00;18500
;199;;190;9;8;; 8F FF 0F FF EF FF 00 FF;18500
;1C7;;1C0;7;7;; 06 A0 F9 5D 00 00 3F;18500
;1E5;;1E0;5;8;; 22 F9 E0 C0 00 06 1E 00;18501
;1ED;;1E0;D;8;; 01 F4 00 00 00 00 00 00;18501
;1F3;;1F0;3;2;; 00 80;18501
;2F9;;2F0;9;5;; 93 00 00 00 00;18501
;773;;770;3;7;; 00 28 00 00 00 00 00;18501
;0F1;;F0;1;4;; 1C 01 00 40;18504
;1EB;;1E0;B;2;; 01 A2;18504
;1E1;;1E0;1;5;; 00 FD 17 00 60;18505
;19D;;190;D;8;; C0 00 3F FD 00 00 00 FF;18506
;3C9;;3C0;9;8;; 07 66 00 00 00 00 00 00;18506
;1AF;;1A0;F;3;; 00 00 00;18506
;1F5;;1F0;5;8;; 0F 0F 00 21 00 00 03 00;18506
;0C1;;C0;1;8;; 00 00 00 00 00 00 00 00;18508
;0C5;;C0;5;8;; 00 00 00 00 00 00 00 00;18508
;1CD;;1C0;D;5;; C0 00 0F FD 00;18509
;1E5;;1E0;5;8;; 22 F9 E0 E0 00 06 1D 00;18509
;1E9;;1E0;9;8;; 80 06 00 0C 00 03 00 00;18509
;334;;330;4;2;; 00 00;18509
;34A;;340;A;4;; 00 16 00 16;18509
;0F1;;F0;1;4;; 28 01 00 40;18511
;0C7;;C0;7;4;; 00 00 00 00;18511
;0F9;;F0;9;8;; 00 00 40 00 00 00 00 FF;18511
;189;;180;9;8;; CF FF 0F FF 2F FE 00 FF;18511
;0C9;;C0;9;8;; 00 00 00 00 00 10 08 00;18512
;199;;190;9;8;; CF FF 0F FF EF FE 00 FF;18512
;191;;190;1;8;; 06 4C 06 4C 06 4B 00 00;18512
;1A1;;1A0;1;7;; 00 10 00 00 7C 67 00;18512
;1ED;;1E0;D;8;; 01 F4 00 00 00 00 00 00;18513
;1C3;;1C0;3;8;; 06 4C 07 B0 00 00 00 20;18513
;2C3;;2C0;3;7;; 06 4C 06 A0 06 A0 C9;18513
;3C1;;3C0;1;8;; 07 65 04 00 00 00 00 00;18513
;3D1;;3D0;1;8;; 41 4D 80 00 00 00 00 00;18513
;3E9;;3E0;9;8;; 00 00 00 00 00 00 00 00;18514
;1EB;;1E0;B;2;; 01 A2;18516
;0C1;;C0;1;8;; 10 00 00 00 10 00 00 00;18518
;0C5;;C0;5;8;; 10 00 00 00 10 00 00 00;18518
;128;;120;8;2;; 0F E5;18518
;184;;180;4;6;; 00 00 00 00 00 00;18519
;1C7;;1C0;7;7;; 06 A0 39 60 00 00 3F;18519
;1E5;;1E0;5;8;; 22 F9 E0 80 00 06 20 00;18519
;219;;210;9;3;; 00 7F A0;18519
;0F1;;F0;1;4;; 34 01 00 40;18521
;0C7;;C0;7;4;; 00 00 00 00;18523
;0F9;;F0;9;8;; 00 00 40 00 00 00 00 FF;18524
;189;;180;9;8;; 0F FF 0F FF 30 01 00 FF;18524
;0C9;;C0;9;8;; 00 00 00 07 00 10 08 00;18524
;199;;190;9;8;; 0F FF 0F FF F0 01 00 FF;18524
;191;;190;1;8;; 06 4C 06 4C 06 4B 00 00;18525
;1ED;;1E0;D;8;; 01 F4 00 00 00 00 00 00;18525
;0C1;;C0;1;8;; 20 00 00 00 20 00 00 00;18528
;0C5;;C0;5;8;; 20 00 00 00 20 00 00 00;18528
;1CD;;1C0;D;5;; 00 00 00 00 00;18528
;1E5;;1E0;5;8;; 22 F9 E0 A0 00 06 1F 00;18529
;1E9;;1E0;9;8;; 80 06 00 0C 00 03 00 00;18529
;1EB;;1E0;B;2;; 01 A2;18529
;19D;;190;D;8;; 00 00 00 00 00 00 00 FF;18531
;0F1;;F0;1;4;; 00 01 00 40;18531
;1AF;;1A0;F;3;; 00 00 00;18531
;1F5;;1F0;5;8;; 0F 0F 00 21 00 00 03 00;18531
;4C9;;4C0;9;4;; 40 39 00 00;18531
;77F;;770;F;7;; 00 00 00 00 00 00 00;18532
;1E1;;1E0;1;5;; 00 00 14 00 00;18533
;1F3;;1F0;3;2;; 00 C0;18536
;0C7;;C0;7;4;; 00 00 00 00;18536
;0F9;;F0;9;8;; 00 00 40 00 00 00 00 FF;18536
;189;;180;9;8;; 4F FF 0F FF 30 00 00 FF;18536
;0C9;;C0;9;8;; 00 00 00 0A 00 10 08 00;18537
;199;;190;9;8;; 4F FF 0F FF F0 00 00 FF;18537
;191;;190;1;8;; 06 4C 06 4C 06 4B 00 00;18537
;1A1;;1A0;1;7;; 00 10 00 00 7C 67 00;18537
;1ED;;1E0;D;8;; 01 F4 00 00 00 00 00 00;18538
;1C3;;1C0;3;8;; 06 4C 07 B0 00 00 00 20;18538
;0C1;;C0;1;8;; 30 00 00 00 30 00 00 00;18538
;0C5;;C0;5;8;; 30 00 00 00 30 00 00 00;18538
;128;;120;8;2;; 0F E5;18538
;184;;180;4;6;; 00 01 00 00 01 FF;18539
;1C7;;1C0;7;7;; 06 A0 79 5F 00 00 3F;18539
;1E5;;1E0;5;8;; 22 F9 E0 C0 00 06 1E 00;18539
;334;;330;4;2;; 00 00;18539
;348;;340;8;4;; 00 16 00 16;18539
;230;;230;0;7;; 00 00 60 00 1F FD 00;18540
;0F1;;F0;1;4;; 1C 01 00 40;18541
;1EB;;1E0;B;2;; 01 A2;18541
;0C1;;C0;1;8;; 00 00 00 00 00 00 00 00;18548
;0C5;;C0;5;8;; 00 00 00 00 00 00 00 00;18548
;0C7;;C0;7;4;; 00 00 00 00;18549
;1CD;;1C0;D;5;; 40 00 0F FF 00;18549
;0F9;;F0;9;8;; 00 00 40 00 00 00 00 FF;18549
;0C9;;C0;9;8;; 00 00 00 0D 00 10 08 00;18549
;189;;180;9;8;; 8F FF 0F FF 2F FF 00 FF;18549
;191;;190;1;8;; 06 4C 06 4C 06 4B 00 00;18550
;199;;190;9;8;; 8F FF 0F FF EF FF 00 FF;18550
;1E5;;1E0;5;8;; 22 F9 E0 E0 00 06 1D 00;18550
;1E9;;1E0;9;8;; 80 06 00 0C 00 03 00 00;18550
;1ED;;1E0;D;8;; 01 F4 00 00 00 00 00 00;18551
;0F1;;F0;1;4;; 28 01 00 40;18551
;219;;210;9;3;; 00 7F 70;18551
;2F9;;2F0;9;5;; 98 00 00 00 00;18551
;1EB;;1E0;B;2;; 01 A2;18554
;19D;;190;D;8;; 40 00 3F FF 00 00 00 FF;18556
;1AF;;1A0;F;3;; 00 00 00;18556
;1F5;;1F0;5;8;; 0F 0F 00 21 00 00 03 00;18556
;0C1;;C0;1;8;; 10 00 00 00 10 00 00 00;18558
;0C5;;C0;5;8;; 10 00 00 00 10 00 00 00;18558
;128;;120;8;2;; 0F E5;18558
;184;;180;4;6;; 00 02 00 00 01 FE;18559
;1C7;;1C0;7;7;; 06 A0 B9 5E 00 00 3F;18559
;1E5;;1E0;5;8;; 22 F9 E0 80 00 06 20 00;18559
;34A;;340;A;4;; 00 16 00 16;18559
;0F1;;F0;1;4;; 34 01 00 40;18561
;0C7;;C0;7;4;; 00 00 00 00;18561
;0F9;;F0;9;8;; 00 00 40 00 00 00 00 FF;18561
;189;;180;9;8;; CF FF 0F FF 2F FE 00 FF;18561
;0C9;;C0;9;8;; 00 00 00 00 00 10 08 00;18562
;199;;190;9;8;; CF FF 0F FF EF FE 00 FF;18562
;191;;190;1;8;; 06 4C 06 4C 06 4B 00 00;18562
;1A1;;1A0;1;7;; 00 10 00 00 7C 67 00;18562
;1ED;;1E0;D;8;; 01 F4 00 00 00 00 00 00;18563
;1C3;;1C0;3;8;; 06 4C 07 B0 00 00 00 20;18563
;2C3;;2C0;3;7;; 06 4C 06 A0 06 A0 C9;18563
;3F9;;3F0;9;8;; 00 00 00 00 69 00 84 1E;18563
;1E1;;1E0;1;5;; 00 FF 15 00 20;18563
;3FB;;3F0;B;2;; 00 16;18564
;1F3;;1F0;3;2;; 00 00;18566
;1EB;;1E0;B;2;; 01 A2;18566
;0C1;;C0;1;8;; 20 00 00 00 20 00 00 00;18568
;0C5;;C0;5;8;; 20 00 00 00 20 00 00 00;18568
;17D;;170;D;8;; 04 E0 00 00 96 00 01 01;18569
;1CD;;1C0;D;5;; 80 00 0F FE 00;18569
;1E5;;1E0;5;8;; 22 F9 E0 A0 00 06 1F 00;18569
;1E9;;1E0;9;8;; 80 06 00 0C 00 03 00 00;18569
;334;;330;4;2;; 00 00;18569
;0F1;;F0;1;4;; 00 01 00 40;18571
;0C7;;C0;7;4;; 00 00 00 00;18573
;0F9;;F0;9;8;; 00 00 40 00 00 00 00 FF;18574
;189;;180;9;8;; 0F FF 0F FF 30 01 00 FF;18574
;0C9;;C0;9;8;; 00 00 00 07 00 10 08 00;18574
;199;;190;9;8;; 0F FF 0F FF F0 01 00 FF;18574
;191;;190;1;8;; 06 4C 06 4C 06 4B 00 00;18575
;1ED;;1E0;D;8;; 01 F4 00 00 00 00 00 00;18575
;0C1;;C0;1;8;; 30 00 00 00 30 00 00 00;18578
;0C5;;C0;5;8;; 30 00 00 00 30 00 00 00;18578
;128;;120;8;2;; 0F E5;18578
;17F;;170;F;8;; 00 00 00 00 00 00 00 00;18579
;184;;180;4;6;; 00 03 00 00 01 FD;18579
;1C7;;1C0;7;7;; 06 A0 F9 5D 00 00 3F;18579
;1E5;;1E0;5;8;; 22 F9 E0 C0 00 06 1E 00;18579
;1EB;;1E0;B;2;; 01 A2;18579
;219;;210;9;3;; 00 00 00;18580
;19D;;190;D;8;; 80 00 3F FE 00 00 00 FF;18581
;0F1;;F0;1;4;; 1C 01 00 40;18581
;1AF;;1A0;F;3;; 00 00 00;18581
;1F5;;1F0;5;8;; 0F 0F 00 21 00 00 03 00;18581
;3ED;;3E0;D;8;; 80 00 00 00 00 FF 00 00;18584
;0C7;;C0;7;4;; 00 00 00 00;18586
;0F9;;F0;9;8;; 00 00 40 00 00 00 00 FF;18586
;189;;180;9;8;; 4F FF 0F FF 30 00 00 FF;18586
;199;;190;9;8;; 4F FF 0F FF F0 00 00 FF;18586
;0C9;;C0;9;8;; 00 00 00 0A 00 10 08 00;18587
;191;;190;1;8;; 06 4C 06 4C 06 4B 00 00;18587
;1ED;;1E0;D;8;; 01 F4 00 00 00 00 00 00;18587
;1A1;;1A0;1;7;; 00 10 00 00 7C 67 00;18588
;1C3;;1C0;3;8;; 06 4C 07 B0 00 00 00 20;18588
;0C1;;C0;1;8;; 00 00 00 00 00 00 00 00;18588
;0C5;;C0;5;8;; 00 00 00 00 00 00 00 00;18588
;1CD;;1C0;D;5;; C0 00 0F FD 00;18588
;1E5;;1E0;5;8;; 22 F9 E0 E0 00 06 1D 00;18589
;1E9;;1E0;9;8;; 80 06 00 0C 00 03 00 00;18589
;348;;340;8;4;; 00 16 00 16;18589
;230;;230;0;7;; 00 00 00 00 00 00 00;18590
;0F1;;F0;1;4;; 28 01 00 40;18591
;1EB;;1E0;B;2;; 01 A2;18592
;12A;;120;A;8;; 47 00 00 00 C4 5C 3F FF;18594
;134;;130;4;5;; 00 00 10 20 73;18596
;0C1;;C0;1;8;; 10 00 00 00 10 00 00 00;18598
;0C5;;C0;5;8;; 10 00 00 00 10 00 00 00;18598
;0C7;;C0;7;4;; 00 00 00 00;18599
;128;;120;8;2;; 0F E5;18599
;0F9;;F0;9;8;; 00 00 40 00 00 00 00 FF;18599
;0C9;;C0;9;8;; 00 00 00 0D 00 10 08 00;18599
;184;;180;4;6;; 00 00 00 00 00 00;18599
;189;;180;9;8;; 8F FF 0F FF 2F FF 00 FF;18600
;191;;190;1;8;; 06 4C 06 4C 06 4B 00 00;18600
;199;;190;9;8;; 8F FF 0F FF EF FF 00 FF;18600
;1C7;;1C0;7;7;; 06 A0 39 60 00 00 3F;18600
;1E1;;1E0;1;5;; 00 FE 16 00 40;18600
;1E5;;1E0;5;8;; 22 F9 E0 80 00 06 20 00;18601
;0F1;;F0;1;4;; 34 01 00 40;18601
;1ED;;1E0;D;8;; 01 F4 00 00 00 00 00 00;18601
;2F9;;2F0;9;5;; A3 00 00 00 00;18601
;334;;330;4;2;; 00 00;18601
;1F1;;1F0;1;8;; 95 0F 09 DA 08 00 00 7A;18604
;1EB;;1E0;B;2;; 01 A2;18604
;1F3;;1F0;3;2;; 00 40;18605
;19D;;190;D;8;; C0 00 3F FD 00 00 00 FF;18606
;3C9;;3C0;9;8;; 07 66 00 00 00 00 00 00;18606
;1AF;;1A0;F;3;; 00 00 00;18606
;1F5;;1F0;5;8;; 0F 0F 00 21 00 00 03 00;18606
;0C1;;C0;1;8;; 20 00 00 00 20 00 00 00;18608
;0C5;;C0;5;8;; 20 00 00 00 20 00 00 00;18608
;1CD;;1C0;D;5;; 00 00 00 00 00;18609
;1E5;;1E0;5;8;; 22 F9 E0 A0 00 06 1F 00;18609
;1E9;;1E0;9;8;; 80 06 00 0C 00 03 00 00;18609
;219;;210;9;3;; 00 7F D0;18609
;34A;;340;A;4;; 00 16 00 16;18609
;0C7;;C0;7;4;; 00 00 00 00;18611
;0F1;;F0;1;4;; 00 01 00 40;18611
;0F9;;F0;9;8;; 00 00 40 00 00 00 00 FF;18611
;189;;180;9;8;; CF FF 0F FF 2F FE 00 FF;18611
;0C9;;C0;9;8;; 00 00 00 00 00 10 08 00;18612
;199;;190;9;8;; CF FF 0F FF EF FE 00 FF;18612
;191;;190;1;8;; 06 4C 06 4C 06 4B 00 00;18612
;1A1;;1A0;1;7;; 00 10 00 00 7C 67 00;18612
;1ED;;1E0;D;8;; 01 F4 00 00 00 00 00 00;18613
;1C3;;1C0;3;8;; 06 4C 07 B0 00 00 00 20;18613
;2C3;;2C0;3;7;; 06 4C 06 A0 06 A0 C9;18613
;3C1;;3C0;1;8;; 07 65 04 00 00 00 00 00;18613
;3D1;;3D0;1;8;; 41 4D 80 00 00 00 00 00;18614
;3E9;;3E0;9;8;; 00 00 00 00 00 00 00 00;18614
;1EB;;1E0;B;2;; 01 A2;18616
;0C1;;C0;1;8;; 30 00 00 00 30 00 00 00;18618
;0C5;;C0;5;8;; 30 00 00 00 30 00 00 00;18618
;128;;120;8;2;; 0F E5;18618
;184;;180;4;6;; 00 01 00 00 01 FF;18619
;1C7;;1C0;7;7;; 06 A0 79 5F 00 00 3F;18619
;1E5;;1E0;5;8;; 22 F9 E0 C0 00 06 1E 00;18619
;0F1;;F0;1;4;; 1C 01 00 40;18621
;1E1;;1E0;1;5;; 00 FD 17 00 60;18621
;0C7;;C0;7;4;; 00 00 00 00;18623
;0F9;;F0;9;8;; 00 00 40 00 00 00 00 FF;18624
;189;;180;9;8;; 0F FF 0F FF 30 01 00 FF;18624
;0C9;;C0;9;8;; 00 00 00 07 00 10 08 00;18624
;199;;190;9;8;; 0F FF 0F FF F0 01 00 FF;18624
;191;;190;1;8;; 06 4C 06 4C 06 4B 00 00;18625
;1ED;;1E0;D;8;; 01 F4 00 00 00 00 00 00;18625
;0C1;;C0;1;8;; 00 00 00 00 00 00 00 00;18628
;0C5;;C0;5;8;; 00 00 00 00 00 00 00 00;18628
;1CD;;1C0;D;5;; 40 00 0F FF 00;18628
;1E5;;1E0;5;8;; 22 F9 E0 E0 00 06 1D 00;18629
;1E9;;1E0;9;8;; 80 06 00 0C 00 02 00 00;18629
;1EB;;1E0;B;2;; 01 A2;18629
;334;;330;4;2;; 00 00;18629
;19D;;190;D;8;; 00 00 00 00 00 00 00 FF;18631
;0F1;;F0;1;4;; 28 01 00 40;18631
;1AF;;1A0;F;3;; 00 00 00;18631
;1F5;;1F0;5;8;; 0F 0F 00 21 00 00 03 00;18631
;1F3;;1F0;3;2;; 00 80;18633
;0C7;;C0;7;4;; 00 00 00 00;18636
;0F9;;F0;9;8;; 00 00 40 00 00 00 00 FF;18636
;189;;180;9;8;; 4F FF 0F FF 30 00 00 FF;18636
;199;;190;9;8;; 4F FF 0F FF F0 00 00 FF;18637
;0C9;;C0;9;8;; 00 00 00 0A 00 10 08 00;18637
;191;;190;1;8;; 06 4C 06 4C 06 4B 00 00;18637
;1ED;;1E0;D;8;; 01 F4 00 00 00 00 00 00;18637
;1A1;;1A0;1;7;; 00 10 00 00 7C 67 00;18638
;1C3;;1C0;3;8;; 06 4C 07 B0 00 00 00 20;18638
;0C1;;C0;1;8;; 10 00 00 00 10 00 00 00;18638
;0C5;;C0;5;8;; 10 00 00 00 10 00 00 00;18638
;128;;120;8;2;; 0F E5;18638
;184;;180;4;6;; 00 02 00 00 01 FE;18639
;1C7;;1C0;7;7;; 06 A0 B9 5E 00 00 3F;18639
;1E5;;1E0;5;8;; 22 F9 E0 80 00 06 20 00;18639
;219;;210;9;3;; 00 7F A0;18639
;348;;340;8;4;; 00 16 00 16;18639
;230;;230;0;7;; 00 00 20 00 1F FF 00;18640
;77D;;770;D;7;; 00 2B 00 00 00 00 00;18640
;0F1;;F0;1;4;; 34 01 00 40;18641
;1EB;;1E0;B;2;; 01 A2;18641
;3F1;;3F0;1;8;; 00 FF 69 18 FF FD 00 72;18644
;0C1;;C0;1;8;; 20 00 00 00 20 00 00 00;18648
;0C5;;C0;5;8;; 20 00 00 00 20 00 00 00;18648
;0C7;;C0;7;4;; 00 00 00 00;18649
;1CD;;1C0;D;5;; 80 00 0F FE 00;18649
;0F9;;F0;9;8;; 00 00 40 00 00 00 00 FF;18649
;0C9;;C0;9;8;; 00 00 00 0D 00 10 08 00;18649
;189;;180;9;8;; 8F FF 0F FF 2F FF 00 FF;18649
;191;;190;1;8;; 06 4C 06 4C 06 4B 00 00;18650
;199;;190;9;8;; 8F FF 0F FF EF FF 00 FF;18650
;1E5;;1E0;5;8;; 22 F9 E0 A0 00 06 1F 00;18650
;1E9;;1E0;9;8;; 80 06 00 0C 00 02 00 00;18650
;1ED;;1E0;D;8;; 01 F4 00 00 00 00 00 00;18651
;0F1;;F0;1;4;; 00 01 00 40;18651
;2F9;;2F0;9;5;; A8 00 00 00 00;18651
;1E1;;1E0;1;5;; 00 00 14 00 00;18654
;1EB;;1E0;B;2;; 01 A2;18654
;19D;;190;D;8;; 40 00 3F FF 00 00 00 FF;18656
;1AF;;1A0;F;3;; 00 00 00;18656
;1F5;;1F0;5;8;; 0F 0F 00 21 00 00 03 00;18656
;0C1;;C0;1;8;; 30 00 00 00 30 00 00 00;18658
;0C5;;C0;5;8;; 30 00 00 00 30 00 00 00;18658
;128;;120;8;2;; 0F E5;18658
;184;;180;4;6;; 00 03 00 00 01 FD;18659
;1C7;;1C0;7;7;; 06 A0 F9 5D 00 00 3F;18659
;1E5;;1E0;5;8;; 22 F9 E0 C0 00 06 1E 00;18659
;334;;330;4;2;; 00 00;18659
;34A;;340;A;4;; 00 16 00 16;18659
;0F1;;F0;1;4;; 1C 01 00 40;18661
;0C7;;C0;7;4;; 00 00 00 00;18661
;0F9;;F0;9;8;; 00 00 40 00 00 00 00 FF;18661
;189;;180;9;8;; CF FF 0F FF 2F FE 00 FF;18661
;199;;190;9;8;; CF FF 0F FF EF FE 00 FF;18662
;0C9;;C0;9;8;; 00 00 00 00 00 10 08 00;18662
;191;;190;1;8;; 06 4C 06 4C 06 4B 00 00;18662
;1ED;;1E0;D;8;; 01 F4 00 00 00 00 00 00;18662
;1A1;;1A0;1;7;; 00 10 00 00 7C 67 00;18662
;1C3;;1C0;3;8;; 06 4C 07 B0 00 00 00 20;18663
;2C3;;2C0;3;7;; 06 4C 06 A0 06 A0 C9;18663
;1F3;;1F0;3;2;; 00 C0;18663
;1EB;;1E0;B;2;; 01 A2;18666
;0C1;;C0;1;8;; 00 00 00 00 00 00 00 00;18668
;0C5;;C0;5;8;; 00 00 00 00 00 00 00 00;18668
;17D;;170;D;8;; 04 E0 00 00 96 00 01 01;18669
;1CD;;1C0;D;5;; C0 00 0F FD 00;18669
;1E5;;1E0;5;8;; 22 F9 E0 E0 00 06 1D 00;18669
;1E9;;1E0;9;8;; 80 06 00 0C 00 02 00 00;18669
;219;;210;9;3;; 00 7F 70;18669
;0F1;;F0;1;4;; 28 01 00 40;18671
;0C7;;C0;7;4;; 00 00 00 00;18673
;0F9;;F0;9;8;; 00 00 40 00 00 00 00 FF;18673
;189;;180;9;8;; 0F FF 0F FF 30 01 00 FF;18674
;199;;190;9;8;; 0F FF 0F FF F0 01 00 FF;18674
;0C9;;C0;9;8;; 00 00 00 07 00 10 08 00;18674
;191;;190;1;8;; 06 4C 06 4C 06 4B 00 00;18674
;1ED;;1E0;D;8;; 01 F4 00 00 00 00 00 00;18675
;0C1;;C0;1;8;; 10 00 00 00 10 00 00 00;18678
;0C5;;C0;5;8;; 10 00 00 00 10 00 00 00;18678
;128;;120;8;2;; 0F E5;18678
;17F;;170;F;8;; 00 00 00 00 00 00 00 00;18679
;184;;180;4;6;; 00 00 00 00 00 00;18679
;1C7;;1C0;7;7;; 06 A0 39 60 00 00 3F;18679
;1E5;;1E0;5;8;; 22 F9 E0 80 00 06 20 00;18679
;1EB;;1E0;B;2;; 01 A2;18679
;19D;;190;D;8;; 80 00 3F FE 00 00 00 FF;18680
;0F1;;F0;1;4;; 34 01 00 40;18681
;1AF;;1A0;F;3;; 00 00 00;18681
;1F5;;1F0;5;8;; 0F 0F 00 21 00 00 03 00;18681
;1E1;;1E0;1;5;; 00 FF 15 00 20;18683
;3ED;;3E0;D;8;; 80 00 00 00 00 FF 00 00;18684
;0C7;;C0;7;4;; 00 00 00 00;18686
;0F9;;F0;9;8;; 00 00 40 00 00 00 00 FF;18686
;189;;180;9;8;; 4F FF 0F FF 30 00 00 FF;18686
;199;;190;9;8;; 4F FF 0F FF F0 00 00 FF;18686
;0C9;;C0;9;8;; 00 00 00 0A 00 10 08 00;18687
;191;;190;1;8;; 06 4C 06 4C 06 4B 00 00;18687
;1ED;;1E0;D;8;; 01 F4 00 00 00 00 00 00;18687
;1A1;;1A0;1;7;; 00 10 00 00 7C 67 00;18688
;1C3;;1C0;3;8;; 06 4C 07 B0 00 00 00 20;18688
;0C1;;C0;1;8;; 20 00 00 00 20 00 00 00;18688
;0C5;;C0;5;8;; 20 00 00 00 20 00 00 00;18688
;1CD;;1C0;D;5;; 00 00 00 00 00;18689
;1E5;;1E0;5;8;; 22 F9 E0 A0 00 06 1F 00;18689
;1E9;;1E0;9;8;; 80 06 00 0C 00 02 00 00;18689
;334;;330;4;2;; 00 00;18689
;348;;340;8;4;; 00 16 00 16;18689
;230;;230;0;7;; 00 00 40 00 1F FE 00;18690
;0F1;;F0;1;4;; 00 01 00 40;18691
;1EB;;1E0;B;2;; 01 A2;18691
;12A;;120;A;8;; 47 00 00 00 C4 5C 3F FF;18694
;134;;130;4;5;; 00 00 10 20 73;18696
;1F1;;1F0;1;8;; 95 0F 09 DA 08 00 00 7A;18698
;0C1;;C0;1;8;; 30 00 00 00 30 00 00 00;18698
;0C5;;C0;5;8;; 30 00 00 00 30 00 00 00;18699
;0C7;;C0;7;4;; 00 00 00 00;18699
;128;;120;8;2;; 0F E6;18699
;0C9;;C0;9;8;; 00 00 00 0D 00 10 08 00;18699
;0F9;;F0;9;8;; 00 00 40 00 00 00 00 FF;18699
;184;;180;4;6;; 00 01 00 00 01 FF;18700
;189;;180;9;8;; 8F FF 0F FF 2F FF 00 FF;18700
;191;;190;1;8;; 06 4C 06 4C 06 4B 00 00;18700
;199;;190;9;8;; 8F FF 0F FF EF FF 00 FF;18700
;1C7;;1C0;7;7;; 06 A0 79 5F 00 00 3F;18701
;0F1;;F0;1;4;; 1C 01 00 40;18701
;1E5;;1E0;5;8;; 22 F9 E0 C0 00 06 1E 00;18701

;777;;770;7;8;; 77 77 00 00 00 00 00 00;11522

